0 3 0 0
0 4 3 0
0 5 3 0
0 6 3 0
0 7 3 0
0 8 3 0
0 9 3 0
0 10 3 0
0 11 3 0
0 12 5 0
0 16 1 0
0 18 6 0
0 22 0 0
0 23 3 0
0 24 3 0
0 25 3 0
0 26 3 0
0 27 8 0
0 28 10 0
0 29 3 0
0 30 3 0
0 31 3 0
0 32 3 0
0 33 5 0
1 3 1 0
1 4 0 2
1 5 0 2
1 6 1 2
1 7 0 2
1 8 0 2
1 9 0 2
1 10 0 2
1 11 0 2
1 12 6 0
1 16 1 0
1 18 6 0
1 22 1 0
1 23 0 2
1 24 0 2
1 25 0 2
1 26 1 2
1 27 1 1
1 28 6 1
1 29 0 2
1 30 0 2
1 31 0 2
1 32 0 2
1 33 6 0
2 3 1 0
2 4 0 2
2 5 0 1
2 6 3 1
2 7 5 1
2 8 0 2
2 9 0 1
2 10 5 1
2 11 0 2
2 12 6 0
2 16 1 0
2 18 6 0
2 22 1 0
2 23 0 2
2 24 0 1
2 25 5 1
2 26 0 2
2 27 2 1
2 28 7 1
2 29 0 2
2 30 0 1
2 31 5 1
2 32 0 2
2 33 6 0
3 3 1 0
3 4 0 2
3 5 1 1
3 6 14 2
3 7 6 1
3 8 0 2
3 9 1 1
3 10 6 1
3 11 0 2
3 12 6 0
3 16 1 0
3 18 6 0
3 22 1 0
3 23 0 2
3 24 1 1
3 25 6 1
3 26 0 2
3 27 0 2
3 28 0 2
3 29 0 2
3 30 1 1
3 31 6 1
3 32 0 2
3 33 6 0
4 3 1 0
4 4 0 2
4 5 1 1
4 6 14 2
4 7 6 1
4 8 0 2
4 9 1 1
4 10 6 1
4 11 0 2
4 12 6 0
4 16 1 0
4 18 6 0
4 22 1 0
4 23 0 2
4 24 1 1
4 25 10 1
4 26 3 1
4 27 3 1
4 28 5 1
4 29 0 2
4 30 1 1
4 31 6 1
4 32 0 2
4 33 6 0
5 3 1 0
5 4 0 2
5 5 2 1
5 6 4 1
5 7 7 1
5 8 0 2
5 9 2 1
5 10 7 1
5 11 0 2
5 12 13 1
5 13 3 0
5 14 3 0
5 15 3 0
5 16 15 1
5 18 13 1
5 19 3 0
5 20 3 0
5 21 3 0
5 22 15 1
5 23 0 2
5 24 2 1
5 25 4 1
5 26 4 1
5 27 4 1
5 28 7 1
5 29 0 2
5 30 1 1
5 31 6 1
5 32 0 2
5 33 6 0
6 3 1 0
6 4 0 2
6 5 0 2
6 6 0 2
6 7 0 2
6 8 0 2
6 9 0 2
6 10 0 2
6 11 0 2
6 12 0 2
6 13 0 2
6 14 0 2
6 15 0 2
6 16 0 2
6 17 0 2
6 18 0 2
6 19 0 2
6 20 0 2
6 21 0 2
6 22 0 2
6 23 0 2
6 26 0 2
6 27 0 2
6 28 0 2
6 29 0 2
6 30 1 1
6 31 6 1
6 32 0 2
6 33 6 0
7 3 1 0
7 4 0 2
7 5 0 1
7 6 3 1
7 7 5 1
7 8 0 2
7 9 0 1
7 10 3 1
7 11 3 1
7 12 3 1
7 13 3 1
7 14 3 1
7 15 3 1
7 16 5 1
7 18 0 1
7 19 3 1
7 20 3 1
7 21 3 1
7 22 5 1
7 23 0 2
7 24 0 1
7 25 5 1
7 26 0 2
7 27 0 1
7 28 3 1
7 29 3 1
7 30 8 1
7 31 6 1
7 32 0 2
7 33 6 0
8 3 1 0
8 4 0 2
8 5 1 1
8 6 14 2
8 7 6 1
8 8 0 2
8 9 2 1
8 10 4 1
8 11 4 1
8 12 9 1
8 13 11 1
8 14 4 1
8 15 4 1
8 16 7 1
8 18 2 1
8 19 4 1
8 20 4 1
8 21 4 1
8 22 7 1
8 23 0 2
8 24 1 1
8 25 6 1
8 26 0 2
8 27 2 1
8 28 4 1
8 29 4 1
8 30 9 1
8 31 6 1
8 32 0 2
8 33 6 0
9 3 1 0
9 4 0 2
9 5 1 1
9 6 14 2
9 7 6 1
9 8 0 2
9 9 0 2
9 10 0 2
9 11 0 2
9 12 1 1
9 13 6 1
9 23 0 2
9 24 1 1
9 25 6 1
9 26 0 2
9 27 0 2
9 28 0 2
9 29 0 2
9 30 1 1
9 31 6 1
9 32 0 2
9 33 6 0
10 3 1 0
10 4 0 2
10 5 1 1
10 6 14 2
10 7 6 1
10 8 0 2
10 9 0 1
10 10 5 1
10 11 0 2
10 12 1 1
10 13 6 1
10 15 12 0
10 16 4 0
10 17 4 0
10 18 4 0
10 19 14 0
10 21 0 1
10 22 5 1
10 23 0 2
10 24 1 1
10 25 6 1
10 26 0 2
10 27 0 1
10 28 5 1
10 29 0 2
10 30 1 1
10 31 6 1
10 32 0 2
10 33 6 0
11 3 1 0
11 4 0 2
11 5 2 1
11 6 4 1
11 7 7 1
11 8 0 2
11 9 1 1
11 10 6 1
11 11 0 2
11 12 2 1
11 13 7 1
11 15 6 0
11 19 1 0
11 21 1 1
11 22 6 1
11 23 0 2
11 24 2 1
11 25 7 1
11 26 0 2
11 27 1 1
11 28 6 1
11 29 0 2
11 30 2 1
11 31 7 1
11 32 0 2
11 33 6 0
12 3 1 0
12 4 0 2
12 5 0 2
12 6 0 2
12 7 0 2
12 8 0 2
12 9 1 1
12 10 6 1
12 11 0 2
12 15 6 0
12 19 1 0
12 21 1 1
12 22 6 1
12 23 0 2
12 24 0 2
12 25 0 2
12 26 0 2
12 27 1 1
12 28 6 1
12 29 0 2
12 30 0 2
12 31 0 2
12 32 0 2
12 33 6 0
13 3 10 2
13 4 3 1
13 5 3 1
13 6 3 1
13 7 5 1
13 8 0 2
13 9 1 1
13 10 10 1
13 11 3 1
13 12 3 1
13 13 5 1
13 15 15 2
13 19 1 0
13 21 1 1
13 22 10 1
13 23 3 1
13 24 3 1
13 25 5 1
13 27 1 1
13 28 10 1
13 29 3 1
13 30 3 1
13 31 5 1
13 32 0 2
13 33 6 0
14 3 11 2
14 4 4 1
14 5 4 1
14 6 4 1
14 7 7 1
14 8 0 2
14 9 1 1
14 10 11 1
14 11 4 1
14 12 4 1
14 13 7 1
14 15 15 2
14 19 1 0
14 21 1 1
14 22 11 1
14 23 4 1
14 24 4 1
14 25 7 1
14 27 1 1
14 28 11 1
14 29 4 1
14 30 4 1
14 31 7 1
14 32 0 2
14 33 6 0
15 3 1 0
15 4 0 2
15 5 0 2
15 6 0 2
15 7 0 2
15 8 0 2
15 9 1 1
15 10 6 1
15 11 0 2
15 15 6 0
15 19 1 0
15 21 1 1
15 22 6 1
15 23 0 2
15 24 0 2
15 25 0 2
15 26 0 2
15 27 1 1
15 28 6 1
15 29 0 2
15 30 0 2
15 31 0 2
15 32 0 2
15 33 6 0
16 3 1 0
16 4 0 2
16 5 0 1
16 6 3 1
16 7 5 1
16 8 0 2
16 9 1 1
16 10 6 1
16 11 0 2
16 12 0 1
16 13 5 1
16 15 6 0
16 19 1 0
16 21 1 1
16 22 6 1
16 23 0 2
16 24 0 1
16 25 5 1
16 26 0 2
16 27 1 1
16 28 6 1
16 29 0 2
16 30 0 1
16 31 5 1
16 32 0 2
16 33 6 0
17 3 1 0
17 4 0 2
17 5 1 1
17 6 14 2
17 7 6 1
17 8 0 2
17 9 2 1
17 10 7 1
17 11 0 2
17 12 1 1
17 13 6 1
17 15 13 0
17 16 3 0
17 17 3 0
17 18 3 0
17 19 15 0
17 21 2 1
17 22 7 1
17 23 0 2
17 24 1 1
17 25 6 1
17 26 0 2
17 27 2 1
17 28 7 1
17 29 0 2
17 30 1 1
17 31 6 1
17 32 0 2
17 33 6 0
18 3 1 0
18 4 0 2
18 5 1 1
18 6 14 2
18 7 6 1
18 8 0 2
18 9 0 2
18 10 0 2
18 11 0 2
18 12 1 1
18 13 6 1
18 23 0 2
18 24 1 1
18 25 6 1
18 26 0 2
18 27 0 2
18 28 0 2
18 29 0 2
18 30 1 1
18 31 6 1
18 32 0 2
18 33 6 0
19 3 1 0
19 4 0 2
19 5 1 1
19 6 14 2
19 7 6 1
19 8 0 2
19 9 0 1
19 10 3 1
19 11 3 1
19 12 8 1
19 13 10 1
19 14 3 1
19 15 3 1
19 16 5 1
19 18 0 1
19 19 3 1
19 20 3 1
19 21 3 1
19 22 5 1
19 23 0 2
19 24 1 1
19 25 6 1
19 26 0 2
19 27 0 1
19 28 3 1
19 29 3 1
19 30 8 1
19 31 6 1
19 32 0 2
19 33 6 0
20 3 1 0
20 4 0 2
20 5 2 1
20 6 4 1
20 7 7 1
20 8 0 2
20 9 2 1
20 10 4 1
20 11 4 1
20 12 4 1
20 13 4 1
20 14 4 1
20 15 4 1
20 16 7 1
20 18 2 1
20 19 4 1
20 20 4 1
20 21 4 1
20 22 7 1
20 23 0 2
20 24 2 1
20 25 7 1
20 26 0 2
20 27 2 1
20 28 4 1
20 29 4 1
20 30 9 1
20 31 6 1
20 32 0 2
20 33 6 0
21 3 1 0
21 4 0 2
21 5 0 2
21 6 0 2
21 7 0 2
21 8 0 2
21 9 0 2
21 10 0 2
21 11 0 2
21 12 0 2
21 13 0 2
21 14 0 2
21 15 0 2
21 16 0 2
21 17 0 2
21 18 0 2
21 19 0 2
21 20 0 2
21 21 0 2
21 22 0 2
21 23 0 2
21 24 0 2
21 25 0 2
21 26 0 2
21 27 0 2
21 28 0 2
21 29 0 2
21 30 1 1
21 31 6 1
21 32 0 2
21 33 6 0
22 3 1 0
22 4 0 2
22 5 0 1
22 6 3 1
22 7 5 1
22 8 0 2
22 9 0 1
22 10 5 1
22 11 0 2
22 12 12 1
22 13 4 0
22 14 4 0
22 15 4 0
22 16 14 1
22 18 12 1
22 19 4 0
22 20 4 0
22 21 4 0
22 22 14 1
22 23 0 2
22 24 0 1
22 25 3 1
22 26 3 1
22 27 3 1
22 28 5 1
22 29 0 2
22 30 1 1
22 31 6 1
22 32 0 2
22 33 6 0
23 3 1 0
23 4 0 2
23 5 1 1
23 6 14 2
23 7 6 1
23 8 0 2
23 9 1 1
23 10 6 1
23 11 0 2
23 12 6 0
23 16 1 0
23 18 6 0
23 22 1 0
23 23 0 2
23 24 1 1
23 25 11 1
23 26 4 1
23 27 4 1
23 28 7 1
23 29 0 2
23 30 1 1
23 31 6 1
23 32 0 2
23 33 6 0
24 3 1 0
24 4 0 2
24 5 1 1
24 6 14 2
24 7 6 1
24 8 0 2
24 9 1 1
24 10 6 1
24 11 0 2
24 12 6 0
24 16 1 0
24 18 6 0
24 22 1 0
24 23 0 2
24 24 1 1
24 25 6 1
24 26 0 2
24 27 0 2
24 28 0 2
24 29 0 2
24 30 1 1
24 31 6 1
24 32 0 2
24 33 6 0
25 3 1 0
25 4 0 2
25 5 2 1
25 6 4 1
25 7 7 1
25 8 0 2
25 9 2 1
25 10 7 1
25 11 0 2
25 12 6 0
25 16 1 0
25 18 6 0
25 22 1 0
25 23 0 2
25 24 2 1
25 25 7 1
25 26 0 2
25 27 0 1
25 28 5 1
25 29 0 2
25 30 2 1
25 31 7 1
25 32 0 2
25 33 6 0
26 3 1 0
26 4 0 2
26 5 0 2
26 6 1 2
26 7 0 2
26 8 0 2
26 9 0 2
26 10 0 2
26 11 0 2
26 12 6 0
26 16 1 0
26 18 6 0
26 22 1 0
26 23 0 2
26 24 0 2
26 25 0 2
26 26 1 2
26 27 1 1
26 28 6 1
26 29 0 2
26 30 0 2
26 31 0 2
26 32 0 2
26 33 6 0
27 3 2 0
27 4 4 0
27 5 4 0
27 6 4 0
27 7 4 0
27 8 4 0
27 9 4 0
27 10 4 0
27 11 4 0
27 12 7 0
27 16 1 0
27 18 6 0
27 22 2 0
27 23 4 0
27 24 4 0
27 25 4 0
27 26 4 0
27 27 9 0
27 28 11 0
27 29 4 0
27 30 4 0
27 31 4 0
27 32 4 0
27 33 7 0
