0 2 5 0
0 3 3 0
0 4 3 0
0 5 3 0
0 6 3 0
0 7 10 0
0 8 8 0
0 9 3 0
0 10 3 0
0 11 3 0
0 12 3 0
0 13 0 0
0 17 6 0
0 19 1 0
0 23 5 0
0 24 3 0
0 25 3 0
0 26 3 0
0 27 3 0
0 28 3 0
0 29 3 0
0 30 3 0
0 31 3 0
0 32 0 0
1 2 6 0
1 3 0 2
1 4 0 2
1 5 0 2
1 6 0 2
1 7 6 1
1 8 1 1
1 9 1 2
1 10 0 2
1 11 0 2
1 12 0 2
1 13 1 0
1 17 6 0
1 19 1 0
1 23 6 0
1 24 0 2
1 25 0 2
1 26 0 2
1 27 0 2
1 28 0 2
1 29 1 2
1 30 0 2
1 31 0 2
1 32 1 0
2 2 6 0
2 3 0 2
2 4 5 1
2 5 0 1
2 6 0 2
2 7 7 1
2 8 2 1
2 9 0 2
2 10 5 1
2 11 0 1
2 12 0 2
2 13 1 0
2 17 6 0
2 19 1 0
2 23 6 0
2 24 0 2
2 25 5 1
2 26 0 1
2 27 0 2
2 28 5 1
2 29 3 1
2 30 0 1
2 31 0 2
2 32 1 0
3 2 6 0
3 3 0 2
3 4 6 1
3 5 1 1
3 6 0 2
3 7 0 2
3 8 0 2
3 9 0 2
3 10 6 1
3 11 1 1
3 12 0 2
3 13 1 0
3 17 6 0
3 19 1 0
3 23 6 0
3 24 0 2
3 25 6 1
3 26 1 1
3 27 0 2
3 28 6 1
3 29 14 2
3 30 1 1
3 31 0 2
3 32 1 0
4 2 6 0
4 3 0 2
4 4 6 1
4 5 1 1
4 6 0 2
4 7 5 1
4 8 3 1
4 9 3 1
4 10 10 1
4 11 1 1
4 12 0 2
4 13 1 0
4 17 6 0
4 19 1 0
4 23 6 0
4 24 0 2
4 25 6 1
4 26 1 1
4 27 0 2
4 28 6 1
4 29 14 2
4 30 1 1
4 31 0 2
4 32 1 0
5 2 6 0
5 3 0 2
5 4 6 1
5 5 1 1
5 6 0 2
5 7 7 1
5 8 4 1
5 9 4 1
5 10 4 1
5 11 2 1
5 12 0 2
5 13 15 1
5 14 3 0
5 15 3 0
5 16 3 0
5 17 13 1
5 19 15 1
5 20 3 0
5 21 3 0
5 22 3 0
5 23 13 1
5 24 0 2
5 25 7 1
5 26 2 1
5 27 0 2
5 28 7 1
5 29 4 1
5 30 2 1
5 31 0 2
5 32 1 0
6 2 6 0
6 3 0 2
6 4 6 1
6 5 1 1
6 6 0 2
6 7 0 2
6 8 0 2
6 9 0 2
6 10 0 2
6 11 0 2
6 12 0 2
6 13 0 2
6 14 0 2
6 15 0 2
6 16 0 2
6 17 0 2
6 18 0 2
6 19 0 2
6 20 0 2
6 21 0 2
6 22 0 2
6 23 0 2
6 24 0 2
6 25 0 2
6 26 0 2
6 27 0 2
6 28 0 2
6 29 0 2
6 30 0 2
6 31 0 2
6 32 1 0
7 2 6 0
7 3 0 2
7 4 6 1
7 5 8 1
7 6 3 1
7 7 3 1
7 8 0 1
7 9 0 2
7 10 5 1
7 11 0 1
7 13 5 1
7 14 3 1
7 15 3 1
7 16 3 1
7 17 0 1
7 19 5 1
7 20 3 1
7 21 3 1
7 22 3 1
7 23 3 1
7 24 3 1
7 25 3 1
7 26 0 1
7 27 0 2
7 28 5 1
7 29 3 1
7 30 0 1
7 31 0 2
7 32 1 0
8 2 6 0
8 3 0 2
8 4 6 1
8 5 9 1
8 6 4 1
8 7 4 1
8 8 2 1
8 9 0 2
8 10 6 1
8 11 1 1
8 13 7 1
8 14 4 1
8 15 4 1
8 16 4 1
8 17 2 1
8 19 7 1
8 20 4 1
8 21 4 1
8 22 11 1
8 23 9 1
8 24 4 1
8 25 4 1
8 26 2 1
8 27 0 2
8 28 6 1
8 29 14 2
8 30 1 1
8 31 0 2
8 32 1 0
9 2 6 0
9 3 0 2
9 4 6 1
9 5 1 1
9 6 0 2
9 7 0 2
9 8 0 2
9 9 0 2
9 10 6 1
9 11 1 1
9 22 6 1
9 23 1 1
9 24 0 2
9 25 0 2
9 26 0 2
9 27 0 2
9 28 6 1
9 29 14 2
9 30 1 1
9 31 0 2
9 32 1 0
10 2 6 0
10 3 0 2
10 4 6 1
10 5 1 1
10 6 0 2
10 7 5 1
10 8 0 1
10 9 0 2
10 10 6 1
10 11 1 1
10 13 5 1
10 14 0 1
10 16 14 0
10 17 4 0
10 18 4 0
10 19 4 0
10 20 12 0
10 22 6 1
10 23 1 1
10 24 0 2
10 25 5 1
10 26 0 1
10 27 0 2
10 28 6 1
10 29 14 2
10 30 1 1
10 31 0 2
10 32 1 0
11 2 6 0
11 3 0 2
11 4 7 1
11 5 2 1
11 6 0 2
11 7 6 1
11 8 1 1
11 9 0 2
11 10 7 1
11 11 2 1
11 13 6 1
11 14 1 1
11 16 1 0
11 20 6 0
11 22 7 1
11 23 2 1
11 24 0 2
11 25 6 1
11 26 1 1
11 27 0 2
11 28 7 1
11 29 4 1
11 30 2 1
11 31 0 2
11 32 1 0
12 2 6 0
12 3 0 2
12 4 0 2
12 5 0 2
12 6 0 2
12 7 6 1
12 8 1 1
12 9 0 2
12 13 6 1
12 14 1 1
12 16 1 0
12 20 6 0
12 24 0 2
12 25 6 1
12 26 1 1
12 27 0 2
12 28 0 2
12 29 0 2
12 30 0 2
12 31 0 2
12 32 1 0
13 2 6 0
13 3 0 2
13 4 5 1
13 5 3 1
13 6 3 1
13 7 10 1
13 8 1 1
13 10 5 1
13 11 3 1
13 12 3 1
13 13 10 1
13 14 1 1
13 16 1 0
13 20 15 2
13 22 5 1
13 23 3 1
13 24 3 1
13 25 10 1
13 26 1 1
13 27 0 2
13 28 5 1
13 29 3 1
13 30 3 1
13 31 3 1
13 32 10 2
14 2 6 0
14 3 0 2
14 4 7 1
14 5 4 1
14 6 4 1
14 7 11 1
14 8 1 1
14 10 7 1
14 11 4 1
14 12 4 1
14 13 11 1
14 14 1 1
14 16 1 0
14 20 15 2
14 22 7 1
14 23 4 1
14 24 4 1
14 25 11 1
14 26 1 1
14 27 0 2
14 28 7 1
14 29 4 1
14 30 4 1
14 31 4 1
14 32 11 2
15 2 6 0
15 3 0 2
15 4 0 2
15 5 0 2
15 6 0 2
15 7 6 1
15 8 1 1
15 9 0 2
15 13 6 1
15 14 1 1
15 16 1 0
15 20 6 0
15 24 0 2
15 25 6 1
15 26 1 1
15 27 0 2
15 28 0 2
15 29 0 2
15 30 0 2
15 31 0 2
15 32 1 0
16 2 6 0
16 3 0 2
16 4 5 1
16 5 0 1
16 6 0 2
16 7 6 1
16 8 1 1
16 9 0 2
16 10 5 1
16 11 0 1
16 13 6 1
16 14 1 1
16 16 1 0
16 20 6 0
16 22 5 1
16 23 0 1
16 24 0 2
16 25 6 1
16 26 1 1
16 27 0 2
16 28 5 1
16 29 3 1
16 30 0 1
16 31 0 2
16 32 1 0
17 2 6 0
17 3 0 2
17 4 6 1
17 5 1 1
17 6 0 2
17 7 7 1
17 8 2 1
17 9 0 2
17 10 6 1
17 11 1 1
17 13 7 1
17 14 2 1
17 16 15 0
17 17 3 0
17 18 3 0
17 19 3 0
17 20 13 0
17 22 6 1
17 23 1 1
17 24 0 2
17 25 7 1
17 26 2 1
17 27 0 2
17 28 6 1
17 29 14 2
17 30 1 1
17 31 0 2
17 32 1 0
18 2 6 0
18 3 0 2
18 4 6 1
18 5 1 1
18 6 0 2
18 7 0 2
18 8 0 2
18 9 0 2
18 10 6 1
18 11 1 1
18 22 6 1
18 23 1 1
18 24 0 2
18 25 0 2
18 26 0 2
18 27 0 2
18 28 6 1
18 29 14 2
18 30 1 1
18 31 0 2
18 32 1 0
19 2 6 0
19 3 0 2
19 4 6 1
19 5 8 1
19 6 3 1
19 7 3 1
19 8 0 1
19 9 0 2
19 10 6 1
19 11 1 1
19 13 5 1
19 14 3 1
19 15 3 1
19 16 3 1
19 17 0 1
19 19 5 1
19 20 3 1
19 21 3 1
19 22 10 1
19 23 8 1
19 24 3 1
19 25 3 1
19 26 0 1
19 27 0 2
19 28 6 1
19 29 14 2
19 30 1 1
19 31 0 2
19 32 1 0
20 2 6 0
20 3 0 2
20 4 6 1
20 5 9 1
20 6 4 1
20 7 4 1
20 8 2 1
20 9 0 2
20 10 7 1
20 11 2 1
20 13 7 1
20 14 4 1
20 15 4 1
20 16 4 1
20 17 2 1
20 19 7 1
20 20 4 1
20 21 4 1
20 22 4 1
20 23 4 1
20 24 4 1
20 25 4 1
20 26 2 1
20 27 0 2
20 28 7 1
20 29 4 1
20 30 2 1
20 31 0 2
20 32 1 0
21 2 6 0
21 3 0 2
21 4 6 1
21 5 1 1
21 6 0 2
21 7 0 2
21 8 0 2
21 9 0 2
21 10 0 2
21 11 0 2
21 12 0 2
21 13 0 2
21 14 0 2
21 15 0 2
21 16 0 2
21 17 0 2
21 18 0 2
21 19 0 2
21 20 0 2
21 21 0 2
21 22 0 2
21 23 0 2
21 24 0 2
21 25 0 2
21 26 0 2
21 27 0 2
21 28 0 2
21 29 0 2
21 30 0 2
21 31 0 2
21 32 1 0
22 2 6 0
22 3 0 2
22 4 6 1
22 5 1 1
22 6 0 2
22 7 5 1
22 8 3 1
22 9 3 1
22 10 3 1
22 11 0 1
22 12 0 2
22 13 14 1
22 14 4 0
22 15 4 0
22 16 4 0
22 17 12 1
22 19 14 1
22 20 4 0
22 21 4 0
22 22 4 0
22 23 12 1
22 24 0 2
22 25 5 1
22 26 0 1
22 27 0 2
22 28 5 1
22 29 3 1
22 30 0 1
22 31 0 2
22 32 1 0
23 2 6 0
23 3 0 2
23 4 6 1
23 5 1 1
23 6 0 2
23 7 7 1
23 8 4 1
23 9 4 1
23 10 11 1
23 11 1 1
23 12 0 2
23 13 1 0
23 17 6 0
23 19 1 0
23 23 6 0
23 24 0 2
23 25 6 1
23 26 1 1
23 27 0 2
23 28 6 1
23 29 14 2
23 30 1 1
23 31 0 2
23 32 1 0
24 2 6 0
24 3 0 2
24 4 6 1
24 5 1 1
24 6 0 2
24 7 0 2
24 8 0 2
24 9 0 2
24 10 6 1
24 11 1 1
24 12 0 2
24 13 1 0
24 17 6 0
24 19 1 0
24 23 6 0
24 24 0 2
24 25 6 1
24 26 1 1
24 27 0 2
24 28 6 1
24 29 14 2
24 30 1 1
24 31 0 2
24 32 1 0
25 2 6 0
25 3 0 2
25 4 7 1
25 5 2 1
25 6 0 2
25 7 5 1
25 8 0 1
25 9 0 2
25 10 7 1
25 11 2 1
25 12 0 2
25 13 1 0
25 17 6 0
25 19 1 0
25 23 6 0
25 24 0 2
25 25 7 1
25 26 2 1
25 27 0 2
25 28 7 1
25 29 4 1
25 30 2 1
25 31 0 2
25 32 1 0
26 2 6 0
26 3 0 2
26 4 0 2
26 5 0 2
26 6 0 2
26 7 6 1
26 8 1 1
26 9 1 2
26 10 0 2
26 11 0 2
26 12 0 2
26 13 1 0
26 17 6 0
26 19 1 0
26 23 6 0
26 24 0 2
26 25 0 2
26 26 0 2
26 27 0 2
26 28 0 2
26 29 1 2
26 30 0 2
26 31 0 2
26 32 1 0
27 2 7 0
27 3 4 0
27 4 4 0
27 5 4 0
27 6 4 0
27 7 11 0
27 8 9 0
27 9 4 0
27 10 4 0
27 11 4 0
27 12 4 0
27 13 2 0
27 17 6 0
27 19 1 0
27 23 7 0
27 24 4 0
27 25 4 0
27 26 4 0
27 27 4 0
27 28 4 0
27 29 4 0
27 30 4 0
27 31 4 0
27 32 2 0
